SERVICE   :  42A     MANCHESTER - RUSHOLME - EAST DIDSBURY - REDDISH
VARIATION :    A     * Via Millgate Lane *                       OPERATOR  : Stagecoach Manchester
EFFECTIVE :          23/09/2009                                  CATEGORY  : Adult Single
STAGE
  1    MANCHESTER (01)
  2    90  PALACE/BBC (02)
  3   110  90  RNCM (03)
  4   150 130  90  UNIVERSITY (04)
  5   150 150 130  90  MRI (05)
  6   150 150 150 130  90  PLATT LN (06)
  7   150 150 150 130  90  90  OWENS PK (07)
  8   190 190 150 150 150 130  90  FALLOWFIELD (08)
  9   190 190 190 150 150 150 130  90  WHITE LN/LIBRARY (09)
 10   190 190 190 190 150 150 150 130  90  OLD BROADWAY (10)
 11   230 190 190 190 190 150 150 150 130  90  DIDSBURY (11)
 12   230 230 190 190 190 190 150 150 150 130  90  DIDS HOTEL (12)
 13   230 230 230 190 190 190 190 150 150 150 130  90  E DIDS (13)
 14   230 230 230 230 190 190 190 190 170 150 150 130  90  GRUNDY ST (14)
 15   230 230 230 230 190 190 190 190 190 170 150 150 130  90  MAULDETH ROAD (15)
 16   230 230 230 230 230 190 190 190 190 190 170 170 150 150  90  GREEN LN (16)
 17   230 230 230 230 230 230 230 190 190 190 190 170 170 150 150  90  SHAW RD (17)
 18   270 230 230 230 230 230 230 230 230 190 190 190 190 170 150 150  90  WELLINGTON RD (18)
 19   270 270 230 230 230 230 230 230 230 230 190 190 190 190 170 150 150  90  BROADSTONE HALL (19)
 20   270 270 270 270 230 230 230 230 230 230 230 230 190 190 190 170 150 150  90  HOULDSWORTH SQ (20)
 22   270 270 270 270 270 270 270 270 270 230 230 230 230 230 230 190 190 190 150 150  90  BULLS HEAD (22)
 21   270 270 270 270 270 230 230 230 230 230 230 230 230 190 190 190 170 150 150  90  LONGFORD RD (21)
